image_width: 2560
image_height: 1920
camera_name: nao_camera
camera_matrix:
  rows: 3
  cols: 3
  data: [2451.7418 ,    0.     , 1322.7673 ,
            0.     , 2481.84039, 1134.43231,
            0.     ,    0.     ,    1.     ]
distortion_model: plumb_bob
distortion_coefficients:
  rows: 1
  cols: 5
  data: [0.026035, -0.230904, 0.019506, 0.009588, 0.000000]
rectification_matrix:
  rows: 3
  cols: 3
  data: [1., 0., 0.,
         0., 1., 0.,
         0., 0., 1.]
projection_matrix:
  rows: 3
  cols: 4
  data: [2429.80371,    0.     , 1347.40085,    0.     ,
            0.     , 2459.48779, 1162.2696 ,    0.     ,
            0.     ,    0.     ,    1.     ,    0.     ]
